1
1
1
1
1
1
1
1
1
1
1
1
1
1
1
1
1
1
1
1
1
1
1
1
1
1
1
1
1
1
1
1
1
1
1
1
1
1
1
1
1
1
1
1
1
1
1
1
1
1
1
1
1
1
1
1
1
1
1
1
1
1
1
1
1
1
1
1
1
1
1
1
1
1
1
1
1
1
1
1
1
1
1
1
1
1
1
1
1
1
1
1
1
1
1
1
1
1
1
1
1
1
1
1
1
1
1
1
1
1
1
1
1
1
1
1
1
1
1
1
1
1
1
1
1
1
1
1
5
2
6
1
1
1
1
1
1
1
1
1
1
1
1
1
1
1
1
1
3
0
3
1
1
1
1
1
1
1
1
1
1
1
1
1
5
2
2
2
3
2
7
1
5
2
6
1
1
1
1
1
1
5
2
2
7
1
1
1
3
1
1
1
3
0
3
1
1
1
1
1
1
3
1
1
1
1
1
1
3
1
1
1
3
0
3
1
5
2
2
2
1
3
1
1
1
1
1
1
4
2
2
2
3
2
7
1
3
1
1
1
1
3
1
1
1
1
1
1
1
1
1
1
3
1
1
1
3
1
1
1
1
3
1
1
1
1
1
1
1
1
1
1
4
2
2
2
7
1
1
1
1
3
1
1
1
1
1
1
1
1
1
1
1
1
1
1
1
1
1
1
1
3
1
1
1
1
1
1
1
1
1
1
1
1
1
1
1
1
1
1
1
3
1
1
1
1
1
1
1
1
1
1
1
1
1
1
1
1
1
1
1
3
1
1
1
1
1
1
1
1
1
1
1
1
1
1
1
1
1
1
1
3
1
1
1
1
1
1
1
1
1
1
1
1
1
1
1
1
1
1
2
7
1
1
1
1
1
1
1
1
1
1
1
1
1
1
1
1
1
1
0
19
19
10
